ID; A.X; A.Y; B.X; B.Y; A; L
1297;473886;5192300;490536;5192300;90;16650;
1640;477786;5192450;490986;5192150;91;13203;
1224;477336;5192300;490536;5192300;90;13200;
1015;477336;5192300;489786;5192450;89;12450;
144;478386;5192300;489636;5192150;90;11251;
1441;473736;5192150;484386;5192450;88;10654;
1171;481236;5192450;490986;5192000;92;9760;
1;481086;5192450;490236;5192450;90;9150;
365;481086;5192450;490236;5192450;90;9150;
1367;481086;5192450;490236;5192450;90;9150;
1096;481086;5192450;490086;5192450;90;9000;
1572;483186;5192450;491136;5192150;92;7955;
1506;476436;5192150;484236;5192450;87;7805;
1507;484236;5192450;491286;5192150;92;7056;
73;483036;5192150;489936;5192300;88;6901;
936;477336;5192300;483786;5192150;91;6451;
643;485136;5192300;491436;5192450;88;6301;
1442;484386;5192450;490686;5192300;91;6301;
861;477336;5192300;483486;5192000;92;6157;
427;485286;5192300;491436;5192450;88;6151;
507;485286;5192300;491436;5192450;88;6151;
578;485286;5192300;491436;5192450;88;6151;
709;477486;5192300;483336;5192000;92;5857;
935;484236;5192450;490086;5192300;91;5851;
227;485286;5192300;490986;5192150;91;5701;
288;485286;5192300;490986;5192150;91;5701;
1687;477036;5204750;479586;5209700;27;5568;
860;484386;5192300;489936;5192300;90;5550;
1324;474486;5200250;478236;5204300;42;5519;
244;474486;5200400;478386;5204300;45;5515;
1248;474486;5200550;478386;5204300;46;5410;
1041;477186;5205050;479736;5209700;28;5303;
776;481986;5218550;487236;5218250;93;5258;
1571;477936;5192300;483186;5192450;88;5252;
1712;480636;5218400;485886;5218250;91;5252;
1117;474486;5200550;478236;5204150;46;5198;
97;476886;5204600;479436;5209100;29;5172;
1047;479286;5206400;479736;5201300;174;5119;
72;477936;5192450;483036;5192150;93;5108;
699;482886;5215100;485886;5211050;143;5040;
1340;486036;5208500;488736;5212700;32;4993;
317;474486;5200400;477936;5204000;43;4986;
457;474636;5200550;478086;5204150;43;4986;
707;485136;5192300;490086;5192000;93;4959;
417;483186;5214650;486036;5210600;144;4952;
637;483186;5214650;486036;5210600;144;4952;
781;477036;5192600;481836;5192300;93;4809;
513;481236;5193350;484986;5196350;51;4802;
336;486036;5208500;488586;5212550;32;4785;
101;479286;5206400;479736;5201750;174;4671;
224;478386;5192300;483036;5192150;91;4652;
784;484986;5192300;489636;5192300;90;4650;
1259;487086;5207450;489486;5211350;31;4579;
387;486936;5202800;490386;5199800;131;4571;
158;474486;5200550;477786;5203700;46;4562;
703;483636;5218550;488136;5218100;95;4522;
775;487236;5218250;491736;5218700;84;4522;
1604;479286;5206400;479736;5201900;174;4522;
1147;478386;5212100;481536;5215250;45;4454;
502;483186;5218550;487536;5218250;93;4360;
1141;473886;5206100;474036;5210450;1;4352;
1033;474486;5200550;477636;5203550;46;4350;
825;486936;5206400;488736;5202500;155;4295;
1600;475686;5205350;477936;5208950;32;4245;
1076;478536;5212250;481536;5215250;45;4242;
1398;474486;5200400;477486;5203400;45;4242;
1008;477636;5205800;479586;5209550;27;4226;
907;473886;5206700;474186;5210900;4;4210;
114;485886;5208350;488286;5211800;34;4202;
812;487386;5202200;490686;5199650;127;4170;
888;487386;5202200;490686;5199650;127;4170;
315;490836;5199350;492936;5202950;30;4167;
1325;482886;5201600;486036;5204300;49;4148;
494;478686;5212250;481536;5215250;43;4137;
1676;483036;5201450;485886;5204450;43;4137;
1418;486036;5208500;488286;5211950;33;4118;
1599;477036;5204750;478986;5208350;28;4094;
1172;477186;5192150;481236;5192450;85;4061;
429;479136;5192150;483186;5192000;92;4052;
509;479136;5192150;483186;5192000;92;4052;
1011;474036;5206250;474036;5210300;0;4050;
1228;480186;5193200;482286;5196650;31;4038;
208;478836;5212400;481536;5215400;41;4036;
263;478836;5212400;481536;5215400;41;4036;
1533;487536;5202050;490836;5199800;124;3994;
1557;486936;5205950;488886;5202500;150;3962;
595;480336;5199350;484236;5199950;81;3945;
245;483036;5201750;486036;5204300;49;3937;
319;482886;5201600;485886;5204150;49;3937;
533;486936;5202800;489936;5200250;130;3937;
1250;483036;5201750;486036;5204300;49;3937;
351;478686;5212250;481386;5215100;43;3925;
1042;481386;5204150;484086;5207000;43;3925;
1351;478836;5212400;481536;5215250;43;3925;
924;481386;5218550;485286;5218250;94;3911;
580;479286;5192150;483186;5192000;92;3902;
645;479436;5192150;483336;5192000;92;3902;
1005;481236;5218550;485136;5218400;92;3902;
532;481386;5199350;485136;5200400;74;3894;
1469;487086;5205800;488886;5202350;152;3891;
805;482436;5200400;484686;5203550;35;3871;
1012;474336;5211350;476736;5214350;38;3841;
811;477036;5205200;478986;5208500;30;3833;
1305;480186;5193200;482136;5196500;30;3833;
131;478386;5212100;480936;5214950;41;3824;
961;483336;5201900;486036;5204600;45;3818;
705;476136;5218100;479886;5218700;80;3797;
1534;485286;5205950;487086;5202650;151;3758;
1084;473886;5206550;474036;5210300;2;3753;
408;478686;5207600;482436;5207600;90;3750;
745;487536;5202050;490536;5199800;126;3750;
196;490386;5210900;492786;5213750;40;3725;
259;490386;5210900;492786;5213750;40;3725;
105;483186;5201750;485886;5204300;46;3713;
163;483036;5201600;485736;5204150;46;3713;
412;478386;5212100;481086;5214650;46;3713;
989;478536;5212250;481086;5214950;43;3713;
248;477036;5204750;478686;5208050;26;3689;
328;477336;5205200;478986;5208500;26;3689;
1293;483786;5210900;485436;5214200;26;3689;
3;473886;5192300;477486;5192000;94;3612;
855;481836;5218550;485436;5218250;94;3612;
1086;476436;5217950;476736;5214350;175;3612;
1113;483936;5201000;486636;5203400;48;3612;
1694;478536;5212250;480936;5214950;41;3612;
973;482586;5203400;485136;5205950;45;3606;
1433;478836;5212400;481386;5214950;45;3606;
1093;473736;5218400;477336;5218400;90;3600;
150;487836;5193800;489486;5196950;27;3555;
886;477486;5205650;479136;5208800;27;3555;
91;477936;5199050;480186;5201750;39;3514;
164;483936;5201000;486636;5203250;50;3514;
567;482136;5209550;484836;5211800;50;3514;
1032;483936;5201000;486636;5203250;50;3514;
1085;474486;5211650;476736;5214350;39;3514;
551;478686;5212250;481086;5214800;43;3501;
1539;481536;5211350;482136;5207900;170;3501;
147;480336;5193500;482136;5196500;30;3498;
166;490986;5199800;492786;5202800;30;3498;
485;477186;5204900;478686;5208050;25;3488;
1714;490686;5215550;492186;5218700;25;3488;
704;480186;5218250;483636;5218550;85;3463;
1683;489786;5205200;490086;5201750;175;3463;
367;473886;5192150;477336;5192000;92;3453;
1474;487686;5201900;490536;5199950;124;3453;
1569;473886;5192300;477336;5192300;90;3450;
282;484686;5205350;486036;5208500;23;3427;
545;477336;5205050;478686;5208200;23;3427;
1339;484686;5205350;486036;5208500;23;3427;
80;486636;5193800;487536;5197100;15;3420;
119;490536;5211200;492786;5213750;41;3400;
98;481386;5204150;483786;5206550;45;3394;
1031;483186;5201750;485586;5204150;45;3394;
1083;490536;5214950;492036;5217950;26;3354;
220;485886;5208350;487836;5211050;35;3330;
1066;486036;5208650;487986;5211350;35;3330;
1165;485886;5208350;487836;5211050;35;3330;
1285;485886;5208350;487836;5211050;35;3330;
1434;489936;5214650;491886;5217350;35;3330;
1004;479286;5215100;480336;5218250;18;3320;
862;473736;5192300;477036;5192600;84;3313;
40;482136;5209550;484686;5211650;50;3303;
599;486936;5202800;489486;5200700;129;3303;
1601;482436;5202950;484536;5205500;39;3303;
426;473736;5192300;477036;5192300;90;3300;
506;473736;5192300;477036;5192300;90;3300;
577;473736;5192300;477036;5192300;90;3300;
1612;480486;5207750;480486;5211050;0;3300;
1468;477036;5204900;478686;5202050;149;3293;
61;478686;5212250;480936;5214650;43;3289;
629;478686;5212250;480936;5214650;43;3289;
997;490536;5214800;491886;5217800;24;3289;
1124;481836;5204600;484086;5207000;43;3289;
1406;477336;5205200;478686;5208200;24;3289;
1108;486636;5193950;487536;5197100;15;3276;
1682;484386;5213150;486186;5210450;146;3245;
335;484836;5205500;486036;5208500;21;3231;
474;486786;5209250;488286;5212100;27;3220;
663;486486;5200700;489336;5199200;117;3220;
454;486486;5202950;489036;5201000;127;3210;
601;484236;5201300;486786;5203250;52;3210;
983;476736;5207300;478686;5209850;37;3210;
1392;486636;5202950;489186;5201000;127;3210;
1606;487386;5202200;489936;5200250;127;3210;
1691;476886;5207450;478836;5210000;37;3210;
24;474936;5201000;477336;5203100;48;3189;
229;490386;5194250;492786;5196350;48;3189;
237;477036;5195300;479436;5197400;48;3189;
905;476736;5207450;478836;5209850;41;3189;
1419;481986;5209400;484386;5211500;48;3189;
885;479286;5206400;479736;5203250;171;3181;
968;479286;5206400;479736;5203250;171;3181;
1112;483036;5201600;485286;5203850;45;3181;
1665;482586;5203400;484836;5205650;45;3181;
1671;479286;5206400;479736;5203250;171;3181;
234;487536;5193350;489186;5196050;31;3164;
1122;475086;5206400;475386;5209550;5;3164;
1675;485736;5208050;487386;5210750;31;3164;
108;487836;5208350;489186;5211200;25;3153;
941;473736;5192300;476886;5192450;87;3153;
1080;487086;5216000;488436;5213150;154;3153;
1333;477486;5205500;478836;5208350;25;3153;
1552;489486;5205500;489636;5208650;2;3153;
290;478386;5192300;481536;5192300;90;3150;
291;473886;5192300;477036;5192300;90;3150;
642;473736;5192300;476886;5192300;90;3150;
1337;474036;5207300;474036;5210450;0;3150;
1577;486636;5193650;487536;5196650;16;3132;
283;486036;5208500;487836;5211050;35;3121;
360;485586;5214350;488136;5216150;54;3121;
1514;490536;5196650;492336;5194100;144;3121;
1593;490836;5199800;492636;5202350;35;3121;
1677;485886;5204450;487686;5201900;144;3121;
21;486936;5202800;489336;5200850;129;3092;
45;483636;5202350;486036;5204300;50;3092;
51;486336;5206700;488286;5209100;39;3092;
65;489936;5214800;491886;5217200;39;3092;
74;477036;5195450;479436;5197400;50;3092;
153;477036;5195450;479436;5197400;50;3092;
243;484086;5201150;486486;5203100;50;3092;
316;484086;5201150;486486;5203100;50;3092;
566;486336;5206700;488286;5209100;39;3092;
823;475086;5208350;475836;5211350;14;3092;
1107;477036;5195450;479436;5197400;50;3092;
1247;484086;5201150;486486;5203100;50;3092;
1323;484086;5201150;486486;5203100;50;3092;
1395;483486;5202200;485886;5204150;50;3092;
1445;477636;5197250;478836;5194400;157;3092;
309;486636;5199350;489336;5197850;119;3088;
739;473886;5206850;475386;5204150;150;3088;
411;481086;5214650;483186;5212400;136;3077;
1596;483186;5201600;485286;5203850;43;3077;
1686;490536;5211350;492636;5213600;43;3077;
789;477636;5197250;478686;5194400;159;3037;
1234;474936;5194550;476586;5197100;32;3037;
1704;483936;5214500;484386;5217500;8;3033;
30;477186;5204900;478536;5207600;26;3018;
1130;487836;5208350;489186;5211050;26;3018;
694;475236;5213150;478236;5213450;84;3014;
1091;482136;5218550;485136;5218250;95;3014;
1097;478086;5192150;481086;5192450;84;3014;
1120;489636;5205050;489936;5202050;174;3014;
1368;478086;5192150;481086;5192450;84;3014;
1050;489336;5205200;489486;5208200;2;3003;
1132;489336;5205200;489486;5208200;2;3003;
1173;473886;5192150;476886;5192300;87;3003;
1369;473886;5192300;476886;5192150;92;3003;
22;483636;5201000;486036;5202800;53;3000;
121;476736;5207150;478536;5209550;36;3000;
331;486186;5206250;487986;5208650;36;3000;
399;483786;5202500;486186;5204300;53;3000;
455;483636;5201000;486036;5202800;53;3000;
534;483636;5201000;486036;5202800;53;3000;
1044;476586;5207000;478386;5209400;36;3000;
1202;483036;5203850;485436;5205650;53;3000;
1229;473886;5192300;476886;5192300;90;3000;
1440;483036;5218250;486036;5218250;90;3000;
195;489486;5208050;490386;5210900;17;2988;
258;489486;5208050;490386;5210900;17;2988;
1051;489486;5208200;490386;5211050;17;2988;
15;480186;5196050;482136;5198300;40;2977;
94;483936;5201000;486186;5202950;49;2977;
198;489786;5212100;491736;5214350;40;2977;
302;477036;5195300;479286;5197250;49;2977;
537;474936;5201000;477186;5202950;49;2977;
628;481236;5214650;483186;5212400;139;2977;
880;483636;5202200;485586;5204450;40;2977;
1184;487536;5198900;489786;5196950;130;2977;
1199;481986;5204600;484236;5206550;49;2977;
112;482736;5203550;484836;5205650;45;2969;
1148;474636;5194100;476136;5196650;30;2958;
767;483636;5211800;484386;5208950;165;2947;
919;489336;5205950;490086;5203100;165;2947;
883;478236;5195900;478836;5193050;168;2912;
1364;485736;5214500;488136;5216150;55;2912;
1535;485286;5205950;485886;5208800;11;2912;
477;489936;5209700;491286;5212250;27;2885;
809;474036;5206400;475386;5203850;152;2885;
815;485286;5205800;485736;5208650;8;2885;
906;473886;5206700;475236;5204150;152;2885;
13;476586;5195000;478836;5196800;51;2881;
1046;477936;5199050;479736;5201300;38;2881;
1244;490836;5199800;492636;5202050;38;2881;
279;478386;5199650;480486;5201600;47;2865;
591;486486;5198300;488586;5196350;132;2865;
632;485736;5213300;487686;5211200;137;2865;
665;489486;5200700;491586;5198750;132;2865;
957;484086;5201150;486186;5203100;47;2865;
1152;479436;5204000;479736;5201150;173;2865;
1245;478386;5199650;480486;5201600;47;2865;
1444;486636;5198300;488586;5196200;137;2865;
1634;484086;5214800;484386;5217650;6;2865;
2;478236;5192300;481086;5192450;86;2853;
366;478236;5192300;481086;5192450;86;2853;
894;480486;5207750;480636;5210600;3;2853;
977;489336;5205350;489486;5208200;3;2853;
1205;489636;5205800;489786;5208650;3;2853;
1214;475236;5213300;478086;5213450;86;2853;
1646;473886;5192300;476736;5192150;93;2853;
758;492336;5213000;492336;5215850;0;2850;
780;473736;5192300;476586;5192300;90;2850;
856;485436;5218250;488286;5218250;90;2850;
1425;474036;5207750;474036;5210600;0;2850;
939;486786;5194250;487686;5196950;18;2846;
1685;489636;5208650;490536;5211350;18;2846;
1308;487536;5193500;489036;5195900;32;2830;
178;477486;5205500;478686;5208050;25;2818;
285;489786;5213750;490986;5216300;25;2818;
520;486936;5200400;489486;5199200;115;2818;
979;487386;5205500;488586;5202950;154;2818;
1126;477636;5205800;478836;5208350;25;2818;
1256;477636;5205800;478836;5208350;25;2818;
1639;490686;5215550;491886;5218100;25;2818;
41;476736;5210300;479436;5211050;74;2802;
761;489486;5208050;490236;5210750;15;2802;
841;489336;5205950;490086;5203250;164;2802;
890;485136;5205950;485886;5208650;15;2802;
1511;486786;5193800;487536;5196500;15;2802;
1697;479436;5215250;480186;5217950;15;2802;
1225;481536;5193050;483186;5195300;36;2790;
68;480036;5215700;481836;5217800;40;2765;
264;481986;5211950;482586;5214650;12;2765;
1035;490836;5199950;492636;5202050;40;2765;
1144;489936;5212250;491736;5214350;40;2765;
1322;478386;5199650;480486;5201450;49;2765;
1354;480336;5215850;482136;5217950;40;2765;
1380;476736;5195000;478836;5196800;49;2765;
1637;479436;5215100;480036;5217800;12;2765;
176;481836;5204600;483786;5206550;45;2757;
323;481986;5204750;483936;5206700;45;2757;
626;474786;5210000;476736;5208050;135;2757;
717;486636;5198300;488586;5196350;135;2757;
954;490686;5199950;492636;5201900;45;2757;
1064;482736;5203550;484686;5205500;45;2757;
1163;482736;5203550;484686;5205500;45;2757;
1253;481836;5204600;483786;5206550;45;2757;
1309;489186;5196650;491136;5198600;45;2757;
1702;487086;5216000;488136;5213450;157;2757;
383;487386;5200250;489786;5198900;119;2753;
1603;473886;5206550;475236;5204150;150;2753;
289;481536;5192300;484236;5192000;96;2716;
798;483936;5195300;484236;5198000;6;2716;
1520;483936;5195300;484236;5198000;6;2716;
1556;484086;5214950;484386;5217650;6;2716;
118;489636;5208650;490536;5211200;19;2704;
134;484236;5214800;484386;5217500;3;2704;
225;473886;5192300;476586;5192150;93;2704;
675;487536;5204750;489036;5202500;146;2704;
733;485736;5203100;486636;5200550;160;2704;
876;480486;5195450;481386;5198000;19;2704;
917;479286;5215100;480186;5217650;19;2704;
975;485886;5208500;487386;5210750;33;2704;
976;489786;5204600;489936;5201900;176;2704;
987;484686;5212700;486186;5210450;146;2704;
1065;485136;5206100;486036;5208650;19;2704;
1100;481536;5193050;483036;5195300;33;2704;
1158;484236;5214650;484386;5217350;3;2704;
1204;487536;5204750;489036;5202500;146;2704;
1211;475386;5211800;478086;5211950;86;2704;
1221;482886;5215100;484386;5212850;146;2704;
1480;489486;5205800;489636;5208500;3;2704;
70;483186;5218250;485886;5218250;90;2700;
193;489936;5201900;489936;5204600;0;2700;
504;475686;5218400;478386;5218400;90;2700;
824;474036;5207300;474036;5210000;0;2700;
1016;473886;5192300;476586;5192300;90;2700;
1098;473886;5192300;476586;5192300;90;2700;
329;475986;5205500;477186;5207900;26;2683;
1188;486486;5200700;488886;5199500;116;2683;
1528;474186;5206250;475386;5203850;153;2683;
148;483486;5193800;485586;5195450;51;2670;
526;477036;5195450;479136;5197100;51;2670;
1134;490236;5210750;491886;5212850;38;2670;
1242;477186;5195600;479286;5197250;51;2670;
1621;479136;5212850;480786;5214950;38;2670;
974;485136;5205950;485886;5208500;16;2658;
1036;486186;5202050;486936;5199500;163;2658;
1133;489486;5208200;490236;5210750;16;2658;
1629;489636;5208650;490386;5211200;16;2658;
213;474786;5212100;476736;5213900;47;2653;
281;482736;5203550;484686;5205350;47;2653;
334;482886;5203700;484836;5205500;47;2653;
340;490986;5211800;492786;5213750;42;2653;
403;481986;5204750;483936;5206550;47;2653;
607;478386;5205050;480186;5203100;137;2653;
618;481986;5204750;483936;5206550;47;2653;
1063;490536;5211350;492336;5213300;42;2653;
1072;490086;5212550;491886;5214500;42;2653;
1378;489036;5196650;490986;5198450;47;2653;
1381;477186;5193800;479136;5195600;47;2653;
456;491436;5200550;492786;5202800;30;2623;
1018;487986;5194250;489336;5196500;30;2623;
1385;487236;5199050;489486;5197700;120;2623;
60;476136;5211650;478686;5212250;76;2619;
354;489936;5213900;490986;5216300;23;2619;
1341;486486;5206550;487986;5208650;35;2580;
664;479886;5204300;482436;5204600;83;2567;
873;485586;5196950;485886;5199500;6;2567;
1584;484386;5198000;484686;5200550;6;2567;
1587;485586;5196950;485886;5199500;6;2567;
138;487086;5216150;487986;5213750;159;2563;
1279;483486;5212550;484386;5214950;20;2563;
1525;485736;5202950;486636;5200550;159;2563;
56;484386;5212850;486036;5210900;139;2554;
261;474786;5212100;476736;5213750;49;2554;
487;482436;5209850;484386;5211500;49;2554;
992;490386;5212850;492036;5214800;40;2554;
1115;490986;5200100;492636;5202050;40;2554;
1290;480336;5215850;481986;5217800;40;2554;
1356;474786;5212250;476736;5213900;49;2554;
1393;483786;5201000;485736;5202650;49;2554;
1407;479586;5209100;482136;5208950;93;2554;
1505;473886;5192300;476436;5192150;93;2554;
116;489936;5201750;489936;5204300;0;2550;
214;487536;5215700;489786;5216900;61;2550;
271;484386;5214800;484386;5217350;0;2550;
308;481686;5198000;483936;5199200;61;2550;
407;479136;5208950;481686;5208950;90;2550;
1314;481686;5198000;483936;5199200;61;2550;
1585;477936;5196200;477936;5198750;0;2550;
247;481986;5204750;483786;5206550;45;2545;
318;487386;5203400;489186;5205200;45;2545;
552;481536;5214200;483336;5212400;135;2545;
590;486936;5193350;488736;5195150;45;2545;
1143;474936;5212400;476736;5214200;45;2545;
1615;482136;5205050;483936;5206850;45;2545;
207;476436;5211650;478836;5212400;72;2514;
338;489486;5208050;490236;5210450;17;2514;
661;482586;5200850;484986;5201600;72;2514;
865;486786;5194100;487536;5196500;17;2514;
897;488136;5208800;488886;5211200;17;2514;
149;489786;5193050;491136;5195150;32;2496;
241;491586;5200850;492936;5202950;32;2496;
296;483186;5195150;485286;5196500;57;2496;
1299;490986;5192000;492336;5194100;32;2496;
1574;487986;5194100;489336;5196200;32;2496;
1641;487986;5194100;489336;5196200;32;2496;
167;474786;5193950;475836;5196200;25;2482;
471;475986;5205500;477036;5207750;25;2482;
1650;480336;5195750;481386;5198000;25;2482;
482;476736;5210150;479136;5210750;75;2473;
493;476286;5211650;478686;5212250;75;2473;
550;476286;5211650;478686;5212250;75;2473;
1006;478536;5215850;479136;5218250;14;2473;
1095;478536;5215850;479136;5218250;14;2473;
1210;476586;5210300;478986;5210900;75;2473;
1592;490386;5196800;490986;5199200;14;2473;
256;478686;5210450;480636;5211950;52;2460;
330;477186;5207900;478686;5209850;37;2460;
497;480036;5215700;481536;5217650;37;2460;
1128;476886;5207450;478386;5209400;37;2460;
1145;474936;5209700;476436;5211650;37;2460;
1258;476886;5207450;478386;5209400;37;2460;
1438;480336;5215850;481836;5217800;37;2460;
49;481986;5204750;483786;5206400;47;2441;
126;490086;5212550;491736;5214350;42;2441;
201;480336;5207750;480786;5210150;10;2441;
218;482736;5203550;484536;5205200;47;2441;
295;481536;5193350;483186;5195150;42;2441;
409;474786;5210000;476436;5208200;137;2441;
565;481986;5204750;483786;5206400;47;2441;
627;476736;5210300;479136;5210750;79;2441;
753;478686;5213150;480336;5211350;137;2441;
844;488136;5213450;489936;5211800;132;2441;
857;474336;5215850;475986;5214050;137;2441;
909;483936;5213300;485586;5211500;137;2441;
938;487686;5198900;489336;5197100;137;2441;
1151;478086;5199350;479736;5201150;42;2441;
1154;480336;5207750;480786;5210150;10;2441;
1338;482886;5203700;484686;5205350;47;2441;
1491;483636;5211800;484086;5209400;169;2441;
1522;482436;5200550;484086;5202350;42;2441;
104;482286;5199500;483186;5201750;21;2423;
270;483486;5212550;484386;5214800;21;2423;
710;477786;5196650;478686;5194400;158;2423;
759;489336;5205200;490236;5202950;158;2423;
981;488136;5208800;489036;5211050;21;2423;
1037;491436;5202050;492336;5204300;21;2423;
1549;481536;5215250;482436;5213000;158;2423;
1680;488136;5208800;489036;5211050;21;2423;
103;480486;5208200;480786;5210600;7;2418;
199;479436;5204150;479736;5201750;172;2418;
610;475086;5203400;477186;5204600;60;2418;
820;481536;5211350;481836;5208950;172;2418;
916;490686;5215550;491886;5217650;29;2418;
945;481686;5193050;482886;5195150;29;2418;
958;486186;5204300;487386;5202200;150;2418;
1010;474036;5206250;475236;5204150;150;2418;
1167;490536;5215100;491736;5217200;29;2418;
1466;474186;5206250;475386;5204150;150;2418;
556;489936;5207600;492336;5207450;93;2404;
571;476286;5213450;478686;5213600;86;2404;
631;475986;5213300;478386;5213450;86;2404;
677;479136;5208950;481536;5209100;86;2404;
688;475236;5211650;477636;5211800;86;2404;
810;479286;5206250;479436;5203850;176;2404;
962;492186;5205950;492336;5208350;3;2404;
1529;479286;5206250;479436;5203850;176;2404;
1715;487536;5218550;489936;5218400;93;2404;
155;485736;5197250;485736;5199650;0;2400;
194;489486;5205650;489486;5208050;0;2400;
257;489486;5205650;489486;5208050;0;2400;
486;479436;5208950;481836;5208950;90;2400;
503;489486;5218550;491886;5218550;90;2400;
583;488136;5193350;490536;5193350;90;2400;
640;478236;5217350;480636;5217350;90;2400;
702;489486;5218550;491886;5218550;90;2400;
1280;484386;5214950;484386;5217350;0;2400;
1402;490086;5207600;492486;5207600;90;2400;
34;482286;5207450;484236;5208800;55;2371;
113;485136;5206100;485886;5208350;18;2371;
146;481686;5193350;483036;5195300;34;2371;
170;479736;5200850;481086;5202800;34;2371;
177;474936;5203250;476886;5204600;55;2371;
219;485136;5206100;485886;5208350;18;2371;
307;480336;5196050;481686;5198000;34;2371;
549;482286;5207450;484236;5208800;55;2371;
795;490386;5196800;491736;5194850;145;2371;
843;489486;5208200;490236;5210450;18;2371;
921;489486;5208200;490236;5210450;18;2371;
1017;481536;5193050;482886;5195000;34;2371;
1262;489486;5208350;490236;5210600;18;2371;
1263;490236;5210600;491586;5212550;34;2371;
1313;480336;5196050;481686;5198000;34;2371;
1346;489486;5208350;490236;5210600;18;2371;
1461;485886;5202800;486636;5200550;161;2371;
1503;475986;5218100;476736;5215850;161;2371;
1609;485886;5208500;487236;5210450;34;2371;
1619;488136;5208800;488886;5211050;18;2371;
43;486786;5209250;487836;5211350;26;2347;
866;481836;5193050;482886;5195150;26;2347;
877;475536;5200850;476586;5202950;26;2347;
895;487686;5204450;488736;5202350;153;2347;
1067;487986;5211350;489036;5213450;26;2347;
1236;481836;5198150;483936;5199200;63;2347;
1678;487686;5204450;488736;5202350;153;2347;
186;481986;5209400;483786;5210900;50;2343;
273;481986;5209400;483786;5210900;50;2343;
389;484236;5201300;486036;5202800;50;2343;
433;481686;5193350;483186;5195150;39;2343;
460;484086;5202650;485886;5204150;50;2343;
461;482886;5203700;484686;5205200;50;2343;
472;477036;5207750;478536;5209550;39;2343;
483;479136;5210750;480936;5212250;50;2343;
518;487236;5193500;488736;5195300;39;2343;
539;487986;5204000;489486;5202200;140;2343;
544;475536;5203550;477336;5205050;50;2343;
587;479736;5195750;481536;5197250;50;2343;
596;487536;5198900;489336;5197400;129;2343;
940;483336;5193650;485136;5195150;50;2343;
952;475986;5201750;477486;5203550;39;2343;
1020;483336;5193650;485136;5195150;50;2343;
1137;481986;5209400;483786;5210900;50;2343;
1169;480486;5216000;481986;5217800;39;2343;
1220;485286;5216000;486786;5214200;140;2343;
1270;478836;5212400;480336;5214200;39;2343;
1292;481986;5209400;483786;5210900;50;2343;
1362;482136;5209550;483936;5211050;50;2343;
1490;473886;5216000;475686;5214500;129;2343;
1515;486936;5198150;488436;5196350;140;2343;
1624;474486;5215850;475986;5214050;140;2343;
1645;483336;5193650;485136;5195150;50;2343;
1698;490386;5212700;491886;5214500;39;2343;
14;477186;5193800;478836;5195450;45;2333;
306;477636;5193950;479286;5195600;45;2333;
446;477636;5193950;479286;5195600;45;2333;
516;480936;5194850;482586;5196500;45;2333;
654;486786;5198150;488436;5196500;135;2333;
1073;481686;5210600;483336;5212250;45;2333;
1373;481536;5193500;483186;5195150;45;2333;
1659;483786;5200700;485436;5202350;45;2333;
827;488136;5208800;488736;5211050;14;2328;
581;477036;5192600;479286;5192150;101;2294;
656;481986;5199500;484236;5199950;78;2294;
434;483186;5195150;485136;5196350;58;2289;
830;485136;5212100;486336;5210150;148;2289;
1048;479286;5206400;480486;5208350;31;2289;
1302;483336;5195300;485286;5196500;58;2289;
1374;483186;5195150;485136;5196350;58;2289;
722;485736;5199650;487836;5198750;113;2284;
1062;488136;5208800;489036;5210900;23;2284;
1452;482586;5200700;484686;5201600;66;2284;
1493;485436;5211800;486336;5209700;156;2284;
1589;480486;5195900;481386;5198000;23;2284;
1696;477936;5214800;478836;5216900;23;2284;
267;480486;5207900;480786;5210150;7;2269;
777;479736;5218250;481986;5218550;82;2269;
1673;480486;5208050;480786;5210300;7;2269;
28;490236;5207600;492486;5207450;93;2254;
821;480486;5208200;480636;5210450;3;2254;
842;489336;5205950;489486;5208200;3;2254;
920;489336;5205950;489486;5208200;3;2254;
950;485736;5197250;485886;5199500;3;2254;
1655;485736;5197250;485886;5199500;3;2254;
93;490986;5199950;492336;5201750;36;2250;
96;474036;5201900;474036;5204150;0;2250;
117;489486;5205650;489486;5207900;0;2250;
125;486336;5212700;486336;5214950;0;2250;
191;478836;5210600;480636;5211950;53;2250;
228;482886;5192750;484236;5194550;36;2250;
337;489486;5205800;489486;5208050;0;2250;
466;490086;5207600;492336;5207600;90;2250;
469;482286;5207450;484086;5208800;53;2250;
561;479136;5210750;480936;5212100;53;2250;
752;475386;5211800;477636;5211800;90;2250;
794;474486;5198150;474486;5200400;0;2250;
802;488436;5199800;490236;5198450;126;2250;
889;485136;5205950;486486;5204150;143;2250;
891;485886;5208650;487236;5210450;36;2250;
1121;492336;5205500;492336;5207750;0;2250;
1183;474036;5198600;474036;5200850;0;2250;
1227;483636;5196500;484986;5198300;36;2250;
1231;490686;5194700;492486;5196050;53;2250;
1330;482286;5207450;484086;5208800;53;2250;
1359;483036;5218250;485286;5218250;90;2250;
1377;487386;5193500;488736;5195300;36;2250;
1404;482436;5207450;484236;5208800;53;2250;
1518;474486;5198150;474486;5200400;0;2250;
1684;489486;5205650;489486;5207900;0;2250;
142;474786;5212100;476436;5213600;47;2229;
156;486636;5193800;487386;5195900;19;2229;
159;477336;5193800;478986;5195300;47;2229;
204;483486;5212550;484236;5214650;19;2229;
236;477486;5193950;479136;5195450;47;2229;
284;488286;5212100;489786;5213750;42;2229;
464;481986;5204750;483636;5206250;47;2229;
473;484836;5209550;486336;5211200;42;2229;
569;491136;5212100;492786;5213600;47;2229;
638;474486;5215700;475986;5214050;137;2229;
797;487836;5198750;489336;5197100;137;2229;
863;487836;5198750;489336;5197100;137;2229;
972;482136;5205050;483786;5206550;47;2229;
978;489486;5208200;490236;5210300;19;2229;
1157;483486;5212550;484236;5214650;19;2229;
1187;488886;5199500;490536;5198000;132;2229;
1193;489936;5200400;491586;5198900;132;2229;
1232;486636;5193950;487386;5196050;19;2229;
1282;482886;5203700;484536;5205200;47;2229;
1286;488286;5212250;489786;5213900;42;2229;
1294;486186;5214500;487836;5216000;47;2229;
1396;482886;5203700;484536;5205200;47;2229;
1400;481986;5204750;483636;5206250;47;2229;
1575;487836;5198750;489336;5197100;137;2229;
528;478686;5195300;480636;5196350;61;2214;
1104;483786;5196500;484836;5198450;28;2214;
1483;486936;5211800;488886;5210750;118;2214;
1492;481536;5214800;482586;5212850;151;2214;
755;482586;5211050;483186;5208950;164;2184;
1481;489636;5208500;490236;5210600;15;2184;
1484;482586;5211050;483186;5208950;164;2184;
1559;488136;5208800;488736;5210900;15;2184;
1632;481536;5215100;482136;5217200;15;2184;
79;487986;5194100;489186;5195900;33;2163;
102;479286;5206400;480486;5208200;33;2163;
160;478986;5195300;480786;5196500;56;2163;
230;480936;5194700;482136;5196500;33;2163;
488;484536;5212850;485736;5214650;33;2163;
673;483036;5203700;484836;5204900;56;2163;
700;482136;5217050;483936;5215850;123;2163;
879;482436;5200400;483636;5202200;33;2163;
937;488136;5194550;489336;5196350;33;2163;
969;479286;5206400;480486;5208200;33;2163;
1101;480936;5194700;482136;5196500;33;2163;
1131;491436;5210300;492636;5212100;33;2163;
1149;476136;5196650;477936;5197850;56;2163;
1192;477786;5203700;478986;5201900;146;2163;
1194;488136;5201600;489936;5200400;123;2163;
1222;482136;5217050;483936;5215850;123;2163;
1429;484536;5212850;485736;5214650;33;2163;
1475;485286;5205950;486486;5204150;146;2163;
1497;488286;5213150;490086;5211950;123;2163;
1681;482436;5211200;483636;5213000;33;2163;
19;481986;5199500;484086;5199950;77;2147;
89;474936;5194250;475836;5196200;24;2147;
130;479736;5216000;480186;5218100;12;2147;
189;476286;5205950;477186;5207900;24;2147;
254;476286;5205950;477186;5207900;24;2147;
347;481686;5211650;482586;5213600;24;2147;
410;476736;5210300;478836;5210750;77;2147;
732;486636;5200550;488586;5199650;114;2147;
742;487086;5205800;487986;5203850;155;2147;
804;485736;5202500;486636;5200550;155;2147;
813;486486;5204150;487386;5202200;155;2147;
927;487386;5218100;489486;5218550;77;2147;
947;480486;5196050;481386;5198000;24;2147;
1142;474036;5210450;474936;5212400;24;2147;
1212;487686;5211200;489786;5210750;102;2147;
1352;489936;5214050;490836;5216000;24;2147;
1357;478536;5215850;478986;5217950;12;2147;
1460;486636;5200550;488586;5199650;114;2147;
1658;486036;5202200;486936;5200250;155;2147;
77;483486;5193800;485136;5195150;50;2131;
190;477186;5207900;478536;5209550;39;2131;
255;477186;5207900;478536;5209550;39;2131;
274;486486;5214800;488136;5216150;50;2131;
297;483486;5196500;484836;5198150;39;2131;
396;487986;5203850;489336;5202200;140;2131;
442;487236;5193350;488586;5195000;39;2131;
443;489636;5197250;491286;5198600;50;2131;
500;486636;5214950;488286;5216300;50;2131;
562;482886;5203700;484536;5205050;50;2131;
602;477336;5204000;478686;5202350;140;2131;
690;488286;5213150;489936;5211800;129;2131;
757;473886;5216000;475536;5214650;129;2131;
762;488286;5213150;489936;5211800;129;2131;
792;486936;5198150;488286;5196500;140;2131;
869;488286;5199950;489936;5198600;129;2131;
1040;475536;5203700;477186;5205050;50;2131;
1336;477036;5207750;478386;5209400;39;2131;
1371;480936;5194700;482286;5196350;39;2131;
1427;474786;5212250;476436;5213600;50;2131;
1521;482586;5199350;484236;5198000;129;2131;
1580;488286;5199950;489936;5198600;129;2131;
1582;484086;5201000;485736;5202350;50;2131;
135;483186;5215400;483486;5217500;8;2121;
404;486186;5206700;487686;5208200;45;2121;
418;474636;5215550;476136;5214050;135;2121;
421;477936;5215550;480036;5215850;81;2121;
428;483186;5192000;485286;5192300;81;2121;
508;483186;5192000;485286;5192300;81;2121;
557;488586;5207600;490086;5209100;45;2121;
573;474486;5215700;475986;5214200;135;2121;
579;483186;5192000;485286;5192300;81;2121;
630;475386;5211500;477486;5211800;81;2121;
698;474486;5215700;475986;5214200;135;2121;
785;475086;5193200;475386;5195300;8;2121;
828;481086;5212400;482586;5210900;135;2121;
871;484086;5201000;485586;5202500;45;2121;
898;481836;5210000;482136;5207900;171;2121;
1049;480486;5208350;480786;5210450;8;2121;
1182;481686;5199650;483786;5199950;81;2121;
1233;490686;5196200;492186;5197700;45;2121;
1375;483486;5196650;484986;5198150;45;2121;
1411;484836;5209550;486336;5211050;45;2121;
1447;491286;5195300;492786;5193800;135;2121;
1611;481836;5210000;482136;5207900;171;2121;
1642;487836;5198750;489336;5197250;135;2121;
85;485736;5197250;485886;5199350;4;2105;
743;487086;5205800;487236;5207900;4;2105;
744;474936;5208950;475086;5206850;175;2105;
1038;489786;5201600;489936;5203700;4;2105;
1206;479286;5208950;481386;5209100;85;2105;
1454;473886;5201000;474036;5198900;175;2105;
1463;479286;5205950;479436;5203850;175;2105;
1482;475536;5211950;477636;5211800;94;2105;
1540;480486;5208350;480636;5210450;4;2105;
69;473736;5217350;475836;5217350;90;2100;
127;477936;5212850;477936;5214950;0;2100;
205;484236;5214650;484236;5216750;0;2100;
1039;492336;5205650;492336;5207750;0;2100;
1470;487086;5205800;487086;5207900;0;2100;
1628;489486;5205650;489486;5207750;0;2100;
1695;477936;5212700;477936;5214800;0;2100;
463;480036;5204000;481986;5204750;68;2089;
726;482436;5197400;483186;5195450;158;2089;
874;485136;5201450;485886;5199500;158;2089;
901;483636;5210750;484386;5208800;158;2089;
1030;482436;5199800;483186;5201750;21;2089;
1238;488586;5195000;489336;5196950;21;2089;
1399;480036;5204000;481986;5204750;68;2089;
1455;482436;5197400;483186;5195450;158;2089;
1588;485136;5201450;485886;5199500;158;2089;
233;482136;5198150;483936;5199200;59;2083;
394;475086;5203400;476886;5204450;59;2083;
768;481536;5214650;482586;5212850;149;2083;
1578;481836;5193350;482886;5195150;30;2083;
1617;487686;5204450;488736;5202650;149;2083;
57;484386;5212850;485586;5214500;36;2040;
78;481686;5193350;482886;5195000;36;2040;
92;486186;5202050;486786;5200100;162;2040;
122;478986;5210750;480636;5211950;53;2040;
197;484536;5212850;485736;5214500;36;2040;
292;482886;5192750;484086;5194400;36;2040;
303;487386;5193350;488586;5195000;36;2040;
384;487536;5198900;489186;5197700;126;2040;
564;480036;5204150;481986;5204750;72;2040;
779;476286;5217950;478236;5218550;72;2040;
806;481536;5203250;482136;5205200;17;2040;
814;485286;5205800;486486;5204150;143;2040;
839;481086;5217500;483036;5216900;107;2040;
932;474786;5215700;475986;5214050;143;2040;
956;486036;5202350;486636;5200400;162;2040;
1056;491436;5210450;492636;5212100;36;2040;
1069;478686;5210600;480336;5211800;53;2040;
1135;478686;5210600;480336;5211800;53;2040;
1304;483486;5196350;484686;5198000;36;2040;
1423;478986;5210750;480636;5211950;53;2040;
1523;488436;5199800;490086;5198600;126;2040;
1531;477786;5206550;478986;5208200;36;2040;
1568;476136;5218100;476736;5216150;162;2040;
1607;485286;5205800;486486;5204150;143;2040;
1672;479286;5206400;480486;5208050;36;2040;
1692;478986;5210750;480636;5211950;53;2040;
1711;485286;5216300;485886;5218250;17;2040;
7;481836;5193950;483336;5195300;48;2018;
55;481836;5213750;483336;5212400;131;2018;
62;474486;5215700;475986;5214350;131;2018;
169;478236;5199500;479736;5200850;48;2018;
305;489186;5196500;490536;5198000;41;2018;
400;482886;5203700;484386;5205050;48;2018;
432;483036;5193200;484386;5194700;41;2018;
445;476586;5194700;477936;5196200;41;2018;
478;491286;5212250;492786;5213600;48;2018;
479;480636;5209700;481986;5211200;41;2018;
501;489186;5216450;490686;5217800;48;2018;
555;476886;5207600;478236;5209100;41;2018;
574;475986;5215400;477336;5216900;41;2018;
620;486036;5206700;487536;5208050;48;2018;
662;489336;5199200;490686;5197700;138;2018;
715;473886;5196500;475386;5195150;131;2018;
765;484236;5213000;485586;5211500;138;2018;
816;485736;5208650;487086;5210150;41;2018;
834;482436;5205500;483936;5206850;48;2018;
882;483186;5204150;484686;5205500;48;2018;
899;482136;5205050;483636;5206400;48;2018;
1239;489786;5197100;491136;5198600;41;2018;
1268;490536;5213150;491886;5214650;41;2018;
1328;481986;5204750;483486;5206100;48;2018;
1343;487686;5203550;489036;5205050;41;2018;
1436;477036;5214500;478536;5215850;48;2018;
1487;478986;5213000;480336;5211500;138;2018;
1544;474486;5215700;475836;5214200;138;2018;
1666;482136;5205050;483636;5206400;48;2018;
151;483786;5196500;484686;5198300;26;2012;
222;477786;5214500;478686;5216300;26;2012;
277;475536;5195150;476436;5196950;26;2012;
286;477786;5214650;478686;5216450;26;2012;
300;475536;5195150;476436;5196950;26;2012;
594;487386;5200250;489186;5199350;116;2012;
597;485736;5199800;487536;5198900;116;2012;
670;478986;5204900;479886;5203100;153;2012;
864;486936;5198450;487836;5196650;153;2012;
902;475236;5209700;476136;5211500;26;2012;
929;477786;5214500;478686;5216300;26;2012;
1023;480486;5196050;481386;5197850;26;2012;
1166;487836;5211050;488736;5212850;26;2012;
1176;479586;5195150;480486;5193350;153;2012;
1197;489486;5205050;490386;5203250;153;2012;
1383;482136;5198300;483936;5199200;63;2012;
1415;489936;5209850;490836;5211650;26;2012;
1614;475236;5209700;476136;5211500;26;2012;
168;477786;5197550;478236;5199500;12;2001;
250;476436;5210150;478386;5210600;77;2001;
350;476736;5211800;478686;5212250;77;2001;
380;477936;5199350;479886;5198900;102;2001;
388;482286;5200850;484236;5201300;77;2001;
430;477186;5192600;479136;5192150;102;2001;
505;473736;5218250;475686;5218700;77;2001;
510;477186;5192600;479136;5192150;102;2001;
727;480936;5200250;481386;5198300;167;2001;
774;476286;5217650;476736;5215700;167;2001;
930;478686;5216300;479136;5218250;12;2001;
1014;476286;5218100;476736;5216150;167;2001;
1019;487086;5198600;487536;5196650;167;2001;
1079;474936;5215550;475386;5217500;12;2001;
1092;485286;5216150;485736;5218100;12;2001;
1146;476436;5211650;478386;5212100;77;2001;
1550;481536;5215250;481986;5217200;12;2001;
1551;489786;5205050;490236;5203100;167;2001;
1598;489636;5205350;490086;5203400;167;2001;
1643;487086;5198600;487536;5196650;167;2001;
226;483336;5192000;485286;5192300;81;1972;
321;480636;5207900;482586;5207600;98;1972;
517;490836;5197700;491136;5195750;171;1972;
560;477186;5210450;479136;5210750;81;1972;
685;477186;5210450;479136;5210750;81;1972;
713;486786;5193350;487086;5195300;8;1972;
725;484086;5195750;484386;5197700;8;1972;
738;479436;5206400;481386;5206100;98;1972;
944;485886;5194100;486186;5196050;8;1972;
970;480486;5208200;480786;5210150;8;1972;
990;482136;5214500;482436;5212550;171;1972;
1198;480036;5204300;481986;5204600;81;1972;
1403;480486;5207750;482436;5207450;98;1972;
1517;475836;5197850;476136;5199800;8;1972;
1594;474186;5198450;474486;5200400;8;1972;
1638;476436;5217800;476736;5215850;171;1972;
1664;481986;5209700;482286;5207750;171;1972;
6;483336;5195300;484986;5196350;57;1955;
11;489786;5197700;491436;5198750;57;1955;
109;481986;5209550;483636;5210600;57;1955;
132;482736;5211500;483786;5213150;32;1955;
202;480786;5210150;482436;5211200;57;1955;
546;479436;5208950;481386;5209100;85;1955;
572;478686;5213600;479736;5215250;32;1955;
669;479586;5206100;481536;5205950;94;1955;
680;489336;5204750;490386;5203100;147;1955;
696;492186;5213150;492336;5215100;4;1955;
697;490836;5213750;490986;5215700;4;1955;
893;491286;5210750;491436;5208800;175;1955;
923;487086;5215850;487236;5217800;4;1955;
1021;477036;5195600;478686;5196650;57;1955;
1053;481986;5209550;483636;5210600;57;1955;
1125;475236;5203550;476886;5204600;57;1955;
1155;480786;5210150;482436;5211200;57;1955;
1207;478686;5207750;480636;5207900;85;1955;
1300;490086;5193500;491136;5195150;32;1955;
1329;483486;5206100;484536;5207750;32;1955;
1453;474486;5198300;474636;5200250;4;1955;
1532;475086;5207000;475236;5208950;4;1955;
1622;485136;5212100;486186;5210450;147;1955;
211;486336;5212700;486336;5214650;0;1950;
280;480936;5202800;482736;5203550;67;1950;
325;479736;5205200;481536;5205950;67;1950;
392;490686;5204750;492636;5204750;90;1950;
558;490086;5209100;492036;5209100;90;1950;
660;485136;5201300;485886;5199500;157;1950;
684;488286;5207450;488286;5209400;0;1950;
748;474036;5207600;474036;5209550;0;1950;
803;486636;5200550;488436;5199800;112;1950;
837;481686;5214800;482436;5213000;157;1950;
884;479736;5201300;479736;5203250;0;1950;
1140;486336;5212700;486336;5214650;0;1950;
1161;487086;5215700;487086;5217650;0;1950;
1185;485136;5201300;485886;5199500;157;1950;
1246;489786;5201900;489786;5203850;0;1950;
1251;492336;5205800;492336;5207750;0;1950;
1261;489486;5206400;489486;5208350;0;1950;
1281;481086;5202950;482886;5203700;67;1950;
1295;487836;5216000;489636;5216750;67;1950;
1327;480186;5204000;481986;5204750;67;1950;
1335;476286;5205950;477036;5207750;22;1950;
1428;476436;5213600;478386;5213600;90;1950;
1519;480636;5196200;481386;5198000;22;1950;
1524;486636;5200550;488436;5199800;112;1950;
1648;474936;5194100;475686;5195900;22;1950;
1662;474036;5201900;474036;5203850;0;1950;
1670;479736;5201300;479736;5203250;0;1950;
82;487986;5198900;489186;5197400;141;1920;
143;489336;5213300;490536;5214800;38;1920;
165;489786;5196950;490986;5198450;38;1920;
294;480936;5194700;482136;5196200;38;1920;
322;482586;5207600;484086;5208800;51;1920;
378;487536;5193800;488736;5195300;38;1920;
458;488136;5203550;489636;5202350;128;1920;
604;489186;5204750;490386;5203250;141;1920;
881;490836;5205500;492036;5204000;141;1920;
1082;489336;5213450;490536;5214950;38;1920;
1316;473886;5198600;475086;5200100;38;1920;
1546;482436;5205650;483936;5206850;51;1920;
1661;490986;5199950;492186;5201450;38;1920;
1713;489486;5213450;490686;5214950;38;1920;
120;474936;5204600;476286;5205950;45;1909;
154;484386;5195900;485736;5197250;45;1909;
221;488436;5212400;489786;5213750;45;1909;
693;485286;5215850;486636;5214500;135;1909;
955;488436;5199950;489786;5198600;135;1909;
988;491286;5211950;492636;5213300;45;1909;
1103;484386;5195900;485736;5197250;45;1909;
1106;477486;5193950;478836;5195300;45;1909;
1230;483036;5193350;484386;5194700;45;1909;
1301;481986;5193950;483336;5195300;45;1909;
1312;478086;5194400;479436;5195750;45;1909;
1420;490986;5211950;492336;5213300;45;1909;
1431;490536;5213450;491886;5214800;45;1909;
1536;485886;5208800;487236;5210150;45;1909;
1657;488436;5199950;489786;5198600;135;1909;
1700;474636;5211800;475986;5213150;45;1909;
37;489486;5208350;490086;5210150;18;1897;
48;480186;5204150;481986;5204750;71;1897;
141;474186;5210300;474786;5212100;18;1897;
324;480186;5204150;481986;5204750;71;1897;
542;474786;5207300;476586;5207900;71;1897;
682;489486;5208200;490086;5210000;18;1897;
786;486936;5194700;487536;5196500;18;1897;
951;485286;5201300;485886;5199500;161;1897;
959;491436;5202050;492036;5203850;18;1897;
1029;485286;5201150;485886;5199350;161;1897;
1118;491736;5202500;492336;5204300;18;1897;
1164;485286;5206550;485886;5208350;18;1897;
1186;482586;5200850;484386;5201450;71;1897;
1284;485286;5206550;485886;5208350;18;1897;
1363;484386;5211800;484986;5213600;18;1897;
1414;489336;5208050;489936;5209850;18;1897;
1656;485286;5201300;485886;5199500;161;1897;
1674;485136;5206250;485736;5208050;18;1897;
38;477786;5208500;478686;5210150;28;1879;
232;483036;5195150;484686;5196050;61;1879;
278;476436;5196950;478086;5197850;61;1879;
301;476436;5196950;478086;5197850;61;1879;
371;482436;5193200;484086;5194100;61;1879;
470;474336;5204600;475986;5205500;61;1879;
960;482436;5200250;483336;5201900;28;1879;
995;474936;5215550;475836;5213900;151;1879;
1209;487686;5210600;488586;5208950;151;1879;
1240;478686;5195150;480336;5196050;61;1879;
1424;480636;5211950;481536;5213600;28;1879;
1542;485286;5211950;486186;5210300;151;1879;
1586;478836;5199650;479736;5201300;28;1879;
26;478686;5205950;480486;5206400;75;1855;
437;473886;5197250;474336;5195450;165;1855;
586;484986;5196350;486786;5195900;104;1855;
683;490686;5210600;492486;5210150;104;1855;
851;477636;5213600;478086;5215400;14;1855;
934;476286;5218100;476736;5216300;165;1855;
965;477636;5197400;478086;5199200;14;1855;
1007;477636;5216900;478086;5218700;14;1855;
1089;479736;5216300;480186;5218100;14;1855;
1162;480936;5203100;482736;5203550;75;1855;
1276;480336;5208350;480786;5210150;14;1855;
1456;480936;5200250;481386;5198450;165;1855;
1476;485286;5205950;485736;5207750;14;1855;
1563;485286;5216000;485736;5217800;14;1855;
10;487536;5198900;489036;5197850;124;1830;
181;486936;5207150;487986;5208650;34;1830;
231;481986;5193650;483036;5195150;34;1830;
268;480786;5210150;482286;5211200;55;1830;
293;491286;5195300;492786;5196350;55;1830;
390;477636;5203850;478686;5202350;145;1830;
450;487236;5199050;488736;5198000;124;1830;
475;486936;5207150;487986;5208650;34;1830;
585;483486;5195300;484986;5196350;55;1830;
611;480336;5205350;481836;5206400;55;1830;
731;488586;5199650;490086;5198600;124;1830;
1070;481386;5211350;482436;5212850;34;1830;
1114;488136;5194550;489186;5196050;34;1830;
1213;485886;5213300;486936;5211800;145;1830;
1237;487536;5193500;488586;5195000;34;1830;
1277;480786;5210150;482286;5211200;55;1830;
1412;488136;5204000;489186;5205500;34;1830;
1416;486936;5207150;487986;5208650;34;1830;
1459;488586;5199650;490086;5198600;124;1830;
1576;486936;5198150;487986;5196650;145;1830;
33;480486;5207750;482286;5207450;99;1824;
124;482136;5214650;482436;5212850;170;1824;
353;478536;5216000;478836;5217800;9;1824;
468;480486;5207750;482286;5207450;99;1824;
498;478536;5215850;478836;5217650;9;1824;
515;473886;5197100;474186;5195300;170;1824;
644;483336;5192000;485136;5192300;80;1824;
701;476436;5217650;476736;5215850;170;1824;
708;483336;5192000;485136;5192300;80;1824;
832;492036;5214200;492336;5216000;9;1824;
848;485286;5216000;485586;5217800;9;1824;
852;478686;5216150;478986;5217950;9;1824;
926;485286;5216300;485586;5218100;9;1824;
1003;485286;5216150;485586;5217950;9;1824;
1413;489186;5205500;489486;5207300;9;1824;
1432;476286;5211650;478086;5211950;80;1824;
1538;475536;5209550;475836;5211350;9;1824;
1565;477786;5213600;478086;5215400;9;1824;
1651;481086;5199800;481386;5198000;170;1824;
1705;483186;5215700;483486;5217500;9;1824;
187;483786;5210900;484536;5212550;24;1812;
246;480336;5204000;481986;5204750;65;1812;
332;487986;5208650;488736;5210300;24;1812;
361;488136;5216150;489786;5216900;65;1812;
459;479886;5205200;481536;5205950;65;1812;
476;487986;5208650;488736;5210300;24;1812;
648;484836;5194550;486486;5193800;114;1812;
689;488136;5211200;489786;5210450;114;1812;
799;480636;5196350;481386;5198000;24;1812;
870;486186;5201900;486936;5200250;155;1812;
943;474936;5194400;475686;5196050;24;1812;
948;480486;5201150;481236;5199500;155;1812;
1139;487536;5214950;488286;5213300;155;1812;
1342;487986;5208650;488736;5210300;24;1812;
1417;487986;5208650;488736;5210300;24;1812;
1426;474036;5210600;474786;5212250;24;1812;
1513;482136;5197850;482886;5196200;155;1812;
1545;490686;5215550;491436;5217200;24;1812;
1581;486186;5201900;486936;5200250;155;1812;
1590;480486;5201300;481236;5199650;155;1812;
4;482736;5193050;484086;5194250;48;1806;
8;481086;5195150;482436;5196350;48;1806;
52;491136;5212100;492486;5213300;48;1806;
63;483486;5216000;485286;5215850;94;1806;
88;476286;5202350;477636;5203550;48;1806;
110;475086;5208200;475236;5206400;175;1806;
183;491436;5210150;491586;5208350;175;1806;
192;488586;5200700;489936;5201900;48;1806;
242;489786;5201900;489936;5203700;4;1806;
269;482286;5211200;483486;5212550;41;1806;
355;490986;5216300;492186;5217650;41;1806;
357;480636;5209700;481836;5211050;41;1806;
375;477186;5195300;478386;5196650;41;1806;
405;484386;5208800;486186;5208650;94;1806;
413;475686;5211650;477486;5211800;85;1806;
415;476586;5213600;478386;5213450;94;1806;
419;485286;5215850;486636;5214650;131;1806;
420;483486;5216000;485286;5215850;94;1806;
422;487086;5217200;488886;5217350;85;1806;
436;481086;5195000;482286;5196350;41;1806;
438;486486;5197400;488286;5197250;94;1806;
440;483486;5196650;484686;5198000;41;1806;
512;488586;5193350;490386;5193500;85;1806;
568;484086;5213150;485286;5211800;138;1806;
570;483486;5216000;485286;5215850;94;1806;
576;480036;5218250;481836;5218100;94;1806;
582;482136;5192750;483936;5192600;94;1806;
621;484386;5208800;486186;5208650;94;1806;
635;491436;5212400;492636;5213750;41;1806;
639;485286;5215850;486636;5214650;131;1806;
646;477636;5192300;479436;5192150;94;1806;
647;482136;5192750;483936;5192600;94;1806;
681;489486;5208200;489636;5206400;175;1806;
695;474036;5214500;475236;5213150;138;1806;
721;480636;5195000;480786;5196800;4;1806;
807;483186;5204150;484386;5205500;41;1806;
836;482436;5213000;483786;5211800;131;1806;
847;485286;5216000;486486;5214650;138;1806;
878;491286;5200550;492486;5201900;41;1806;
912;484086;5214950;484236;5216750;4;1806;
915;489336;5213600;490686;5214800;48;1806;
918;490086;5203100;490236;5201300;175;1806;
922;488136;5213450;489486;5212250;131;1806;
949;484536;5195900;485736;5197250;41;1806;
964;478536;5196500;479736;5197850;41;1806;
996;489336;5213450;490536;5214800;41;1806;
1057;475086;5208200;475236;5206400;175;1806;
1077;483186;5215550;483336;5217350;4;1806;
1160;483186;5217500;483336;5215700;175;1806;
1278;482286;5211200;483486;5212550;41;1806;
1291;481986;5209400;482136;5207600;175;1806;
1311;476736;5194850;477936;5196200;41;1806;
1326;490386;5207600;492186;5207450;94;1806;
1348;479436;5211050;480786;5212250;48;1806;
1361;480636;5209700;481836;5211050;41;1806;
1370;483186;5193350;484386;5194700;41;1806;
1372;486486;5197100;488286;5197250;85;1806;
1410;476886;5207600;478086;5208950;41;1806;
1421;480786;5209850;481986;5211200;41;1806;
1458;480186;5204450;481986;5204300;94;1806;
1485;481236;5212250;482586;5211050;131;1806;
1501;485286;5216000;486486;5214650;138;1806;
1548;482436;5213000;483786;5211800;131;1806;
1562;485286;5216000;486486;5214650;138;1806;
1566;478686;5216150;478836;5217950;4;1806;
1573;480486;5193950;481686;5195300;41;1806;
1579;478536;5196500;479736;5197850;41;1806;
1652;476286;5202350;477636;5203550;48;1806;
1653;488736;5201300;490086;5200100;131;1806;
1709;486336;5212700;486486;5214500;4;1806;
54;476586;5213600;478386;5213600;90;1800;
216;476736;5218250;478536;5218250;90;1800;
423;473736;5217350;475536;5217350;90;1800;
425;489636;5218100;491436;5218100;90;1800;
735;480036;5204450;481836;5204450;90;1800;
793;485886;5196350;485886;5198150;0;1800;
854;479136;5218250;480936;5218250;90;1800;
892;492336;5205950;492336;5207750;0;1800;
933;476736;5214500;476736;5216300;0;1800;
967;479736;5201450;479736;5203250;0;1800;
1000;487086;5215850;487086;5217650;0;1800;
1013;476736;5214350;476736;5216150;0;1800;
1075;484236;5214950;484236;5216750;0;1800;
1254;474036;5206850;474036;5208650;0;1800;
1345;489486;5206550;489486;5208350;0;1800;
1510;476886;5193950;476886;5195750;0;1800;
1516;485886;5196350;485886;5198150;0;1800;
1555;487086;5215850;487086;5217650;0;1800;
1668;491436;5208800;491436;5210600;0;1800;
173;480036;5205350;481686;5205950;70;1755;
212;474186;5210450;474786;5212100;19;1755;
260;474186;5210450;474786;5212100;19;1755;
391;490536;5203250;492186;5202650;109;1755;
653;488436;5196500;489036;5194850;160;1755;
736;479286;5204450;479886;5202800;160;1755;
1252;480186;5204000;481836;5204600;70;1755;
1409;476286;5205950;476886;5207600;19;1755;
1437;478536;5215850;479136;5217500;19;1755;
1451;485286;5201150;485886;5199500;160;1755;
1502;485286;5216000;485886;5217650;19;1755;
1526;481536;5203400;482136;5205050;19;1755;
1553;489636;5208650;490236;5210300;19;1755;
1564;479436;5215700;480036;5217350;19;1755;
1595;475686;5200700;476286;5202350;19;1755;
1608;485286;5206850;485886;5208500;19;1755;
1644;486636;5193650;487236;5195300;19;1755;
29;475086;5203400;476586;5204300;59;1749;
107;487686;5204450;488586;5202950;149;1749;
215;480636;5216150;481536;5217650;30;1749;
327;475086;5203400;476586;5204300;59;1749;
362;480636;5216150;481536;5217650;30;1749;
495;490086;5214800;490986;5216300;30;1749;
499;486036;5216300;487536;5217200;59;1749;
531;478536;5199950;480036;5200850;59;1749;
554;475986;5205500;476886;5207000;30;1749;
614;474036;5206550;474936;5205050;149;1749;
714;479586;5194850;480486;5193350;149;1749;
790;481986;5193650;482886;5195150;30;1749;
1059;487686;5204450;488586;5202950;149;1749;
1119;487986;5200550;489486;5201450;59;1749;
1177;476436;5196200;477336;5194700;149;1749;
1216;482286;5213600;483186;5212100;149;1749;
1235;476586;5197100;478086;5198000;59;1749;
1287;489786;5213900;490686;5215400;30;1749;
1331;475086;5203400;476586;5204300;59;1749;
1405;475086;5203400;476586;5204300;59;1749;
1408;474036;5204300;475536;5205200;59;1749;
1499;486936;5216300;487836;5214800;149;1749;
39;490686;5210600;492336;5210150;105;1710;
42;479436;5211050;480786;5212100;52;1710;
86;485436;5201000;485886;5199350;164;1710;
106;486636;5203250;487686;5201900;142;1710;
133;483786;5213150;484236;5214800;15;1710;
137;474936;5215400;475386;5217050;15;1710;
162;482586;5199950;483036;5201600;15;1710;
200;479286;5206400;480336;5207750;37;1710;
203;482436;5211200;483486;5212550;37;1710;
239;474186;5198750;475236;5200100;37;1710;
249;478686;5208050;479736;5209400;37;1710;
252;488436;5209850;489486;5211200;37;1710;
276;485436;5216450;485886;5218100;15;1710;
311;474186;5198750;475236;5200100;37;1710;
358;482586;5210000;483936;5211050;52;1710;
374;484986;5196350;486636;5195900;105;1710;
376;482286;5197700;482736;5196050;164;1710;
379;486036;5198450;487386;5197400;127;1710;
444;477936;5196200;479286;5197250;52;1710;
449;475086;5197850;476436;5198900;52;1710;
480;481986;5211200;483336;5212250;52;1710;
481;483336;5212250;483786;5213900;15;1710;
522;487536;5198900;488886;5197850;127;1710;
527;477636;5193950;478686;5195300;37;1710;
553;481086;5210000;482136;5211350;37;1710;
588;482286;5197700;482736;5196050;164;1710;
652;478236;5199200;479886;5198750;105;1710;
686;473886;5211800;474336;5210150;164;1710;
729;474936;5200850;476286;5199800;127;1710;
763;487836;5214800;488286;5213150;164;1710;
801;484986;5201900;485436;5200250;164;1710;
826;487086;5207450;488136;5208800;37;1710;
831;482586;5215700;483636;5214350;142;1710;
859;476286;5217950;476736;5216300;164;1710;
896;487086;5207450;488136;5208800;37;1710;
914;481536;5215250;481986;5216900;15;1710;
931;477636;5217050;478086;5218700;15;1710;
953;488736;5201150;490086;5200100;127;1710;
980;487086;5207450;488136;5208800;37;1710;
1002;486336;5212700;487386;5211350;142;1710;
1054;484986;5211950;486036;5210600;142;1710;
1061;487086;5207450;488136;5208800;37;1710;
1074;483786;5213300;484236;5214950;15;1710;
1094;477636;5217050;478086;5218700;15;1710;
1111;482586;5199950;483036;5201600;15;1710;
1153;479286;5206400;480336;5207750;37;1710;
1156;482436;5211200;483486;5212550;37;1710;
1168;485286;5216450;485736;5218100;15;1710;
1178;491286;5195300;492336;5193950;142;1710;
1260;489036;5204750;489486;5206400;15;1710;
1273;482586;5214800;483636;5216150;37;1710;
1288;490836;5216000;491886;5217350;37;1710;
1296;489636;5216750;490686;5218100;37;1710;
1310;477936;5196200;479286;5197250;52;1710;
1358;486036;5216300;487386;5217350;52;1710;
1360;483336;5212250;483786;5213900;15;1710;
1366;489636;5216750;490686;5218100;37;1710;
1384;475086;5197850;476436;5198900;52;1710;
1435;486186;5216300;487536;5217350;52;1710;
1439;489636;5216750;490686;5218100;37;1710;
1467;475536;5203400;476886;5202350;127;1710;
1478;490986;5205050;492036;5203700;142;1710;
1486;480336;5211500;480786;5209850;164;1710;
1498;487836;5214800;488286;5213150;164;1710;
1554;488136;5213450;489486;5212400;127;1710;
1558;487086;5207450;488136;5208800;37;1710;
1583;483936;5196350;484386;5198000;15;1710;
1618;487086;5207450;488136;5208800;37;1710;
1630;489336;5212550;490386;5211200;142;1710;
1635;485286;5216150;486336;5214800;142;1710;
1636;485286;5216150;485736;5217800;15;1710;
1679;487086;5207450;488136;5208800;37;1710;
1688;475686;5203700;477036;5204750;52;1710;
1707;474936;5215400;475386;5217050;15;1710;
1708;486336;5212700;487386;5211350;142;1710;
27;487986;5203850;489186;5202650;135;1697;
46;482886;5203700;484086;5204900;45;1697;
53;474636;5212100;475836;5213300;45;1697;
58;475086;5209700;476286;5208500;135;1697;
188;475086;5204750;476286;5205950;45;1697;
310;475236;5197850;476436;5199050;45;1697;
320;479436;5206700;480636;5207900;45;1697;
341;479736;5211200;480936;5212400;45;1697;
344;474786;5212100;475986;5213300;45;1697;
346;490536;5213300;491736;5214500;45;1697;
377;480336;5196200;481536;5197400;45;1697;
491;474786;5212100;475986;5213300;45;1697;
536;474186;5198900;475386;5200100;45;1697;
593;489186;5199350;490386;5198150;135;1697;
623;481386;5209100;482586;5207900;135;1697;
655;483336;5198900;484536;5197700;135;1697;
667;486936;5202800;488136;5201600;135;1697;
734;474036;5203550;475236;5202350;135;1697;
771;485286;5215850;486486;5214650;135;1697;
910;490836;5213450;492036;5214650;45;1697;
999;488136;5213450;489336;5212250;135;1697;
1025;491286;5196650;492486;5197850;45;1697;
1102;490986;5196500;492186;5197700;45;1697;
1195;486936;5202800;488136;5201600;135;1697;
1219;474636;5215550;475836;5214350;135;1697;
1241;477486;5193950;478686;5195150;45;1697;
1315;475236;5197850;476436;5199050;45;1697;
1347;491136;5212100;492336;5213300;45;1697;
1349;490536;5213300;491736;5214500;45;1697;
1391;473886;5198600;475086;5199800;45;1697;
1494;484236;5213000;485436;5211800;135;1697;
1496;490686;5215400;491886;5216600;45;1697;
1543;484086;5213150;485286;5211950;135;1697;
1623;483936;5213300;485136;5212100;135;1697;
44;486786;5212100;488286;5212850;63;1677;
71;475086;5192450;476736;5192150;100;1677;
75;481086;5197100;481386;5198750;10;1677;
115;488286;5211800;489036;5213300;26;1677;
152;482136;5198300;483636;5199050;63;1677;
185;481986;5209400;482286;5207750;169;1677;
240;490836;5199350;491586;5200850;26;1677;
342;480936;5212400;481236;5214050;10;1677;
348;482586;5213600;482886;5215250;10;1677;
368;484986;5194550;486486;5193800;116;1677;
397;487236;5205350;487986;5203850;153;1677;
435;480336;5193500;481086;5195000;26;1677;
439;490836;5197550;491136;5195900;169;1677;
441;476586;5197100;478086;5197850;63;1677;
448;482436;5198450;483936;5199200;63;1677;
514;484986;5196350;486636;5196050;100;1677;
530;482436;5198450;483936;5199200;63;1677;
541;473886;5206850;474636;5205350;153;1677;
548;480636;5207750;482286;5207450;100;1677;
575;485436;5216750;486936;5216000;116;1677;
617;480336;5204450;481986;5204750;79;1677;
619;484536;5207450;486036;5206700;116;1677;
625;489186;5209700;490686;5208950;116;1677;
651;490836;5197250;492486;5197550;79;1677;
659;486336;5199500;487836;5198750;116;1677;
679;490386;5203100;492036;5202800;100;1677;
711;476436;5196200;477186;5194700;153;1677;
723;483186;5201150;484836;5201450;79;1677;
730;476736;5202350;477486;5200850;153;1677;
770;481686;5217350;483186;5216600;116;1677;
772;485286;5215850;485586;5217500;10;1677;
782;481836;5192300;483486;5192000;100;1677;
846;486936;5216150;487236;5217800;10;1677;
900;483636;5206400;484386;5207900;26;1677;
903;475086;5207000;475386;5208650;10;1677;
911;492036;5214650;492336;5216300;10;1677;
942;476736;5194250;477036;5195900;10;1677;
1024;474936;5194550;475686;5196050;26;1677;
1099;484386;5194700;485886;5195450;63;1677;
1105;482136;5198300;483636;5199050;63;1677;
1201;481536;5203100;483036;5203850;63;1677;
1226;483186;5195300;484686;5196050;63;1677;
1289;485286;5216300;485586;5217950;10;1677;
1306;476586;5197100;478086;5197850;63;1677;
1376;476586;5197100;478086;5197850;63;1677;
1450;486336;5199500;487836;5198750;116;1677;
1479;489486;5205800;489786;5204150;169;1677;
1626;477936;5214800;478686;5216300;26;1677;
1647;476736;5194250;477036;5195900;10;1677;
0;490986;5192000;492636;5192150;84;1656;
36;473886;5210000;474036;5208350;174;1656;
99;491436;5208800;491586;5210450;5;1656;
129;478686;5216300;478836;5217950;5;1656;
210;483336;5215700;483486;5217350;5;1656;
223;478686;5216300;478836;5217950;5;1656;
313;485286;5200550;486936;5200400;95;1656;
364;490986;5192000;492636;5192150;84;1656;
395;479886;5206250;481536;5206100;95;1656;
431;482286;5192750;483936;5192600;95;1656;
511;482286;5192750;483936;5192600;95;1656;
543;473886;5203400;475536;5203550;84;1656;
606;480186;5203100;481836;5203250;84;1656;
676;486036;5208800;487686;5208950;84;1656;
791;482736;5196800;482886;5195150;174;1656;
808;476136;5201300;476286;5202950;5;1656;
838;484086;5215100;484236;5216750;5;1656;
840;490086;5203250;490236;5201600;174;1656;
868;479736;5197850;479886;5199500;5;1656;
1022;481236;5199500;481386;5197850;174;1656;
1090;480486;5218400;482136;5218550;84;1656;
1272;482436;5213150;482586;5214800;5;1656;
1387;485436;5200550;487086;5200400;95;1656;
1457;475986;5198150;476136;5199800;5;1656;
1627;478686;5216300;478836;5217950;5;1656;
1660;490836;5198300;490986;5199950;5;1656;
66;487686;5215100;489336;5215100;90;1650;
157;487386;5195900;487386;5197550;0;1650;
272;481986;5207750;481986;5209400;0;1650;
382;482586;5199800;484236;5199800;90;1650;
398;490236;5207600;491886;5207600;90;1650;
452;485286;5200400;486936;5200400;90;1650;
489;487836;5215100;489486;5215100;90;1650;
671;479886;5203100;481536;5203100;90;1650;
674;490236;5207600;491886;5207600;90;1650;
706;482286;5192600;483936;5192600;90;1650;
728;474486;5198900;474486;5200550;0;1650;
750;481686;5209550;481686;5211200;0;1650;
822;476436;5206550;476436;5208200;0;1650;
858;476736;5214650;476736;5216300;0;1650;
887;490686;5198000;490686;5199650;0;1650;
963;491436;5208800;491436;5210450;0;1650;
994;484236;5215100;484236;5216750;0;1650;
1001;487836;5218400;489486;5218400;90;1650;
1028;485886;5197700;485886;5199350;0;1650;
1081;487086;5216000;487086;5217650;0;1650;
1181;477936;5198900;479586;5198900;90;1650;
1203;490086;5207750;491736;5207750;90;1650;
1223;473886;5217350;475536;5217350;90;1650;
1265;486486;5212700;486486;5214350;0;1650;
1321;480336;5199500;481986;5199500;90;1650;
1430;487836;5215100;489486;5215100;90;1650;
1477;481686;5209550;481686;5211200;0;1650;
1504;474036;5218400;475686;5218400;90;1650;
1508;474036;5193050;474036;5194700;0;1650;
1610;491436;5208800;491436;5210450;0;1650;
1625;477936;5213150;477936;5214800;0;1650;
76;480186;5195750;481086;5197100;33;1622;
123;481536;5211500;482436;5212850;33;1622;
180;487686;5204450;488586;5203100;146;1622;
206;475536;5210300;476436;5211650;33;1622;
265;482586;5214650;483486;5216000;33;1622;
312;486936;5200400;488286;5199500;123;1622;
356;483636;5213450;484536;5214800;33;1622;
465;483636;5206250;484536;5207600;33;1622;
492;478836;5213900;479736;5215250;33;1622;
535;491436;5200550;492336;5201900;33;1622;
559;486936;5209850;487836;5211200;33;1622;
633;488286;5213000;489636;5212100;123;1622;
650;476436;5196200;477336;5194850;146;1622;
666;488136;5201600;489486;5200700;123;1622;
678;491286;5204750;492186;5203400;146;1622;
687;490686;5212250;492036;5211350;123;1622;
741;487986;5203850;488886;5202500;146;1622;
764;486936;5216150;487836;5214800;146;1622;
818;491436;5208800;492336;5207450;146;1622;
845;486936;5216150;487836;5214800;146;1622;
1129;487686;5204450;488586;5203100;146;1622;
1170;487536;5215700;488886;5216600;56;1622;
1174;490836;5194100;491736;5192750;146;1622;
1401;483636;5206250;484536;5207600;33;1622;
1512;481986;5193650;482886;5195000;33;1622;
1663;473886;5206550;474786;5205200;146;1622;
1706;474936;5215400;475836;5214050;146;1622;
9;486036;5199500;487536;5198900;111;1615;
47;481386;5203100;482886;5203700;68;1615;
182;487986;5208650;488586;5210150;21;1615;
235;491136;5198600;492636;5199200;68;1615;
275;488136;5216150;489636;5216750;68;1615;
304;488586;5195000;489186;5196500;21;1615;
314;483786;5199950;485286;5200550;68;1615;
343;474186;5210600;474786;5212100;21;1615;
381;481086;5199200;482586;5199800;68;1615;
385;486036;5199500;487536;5198900;111;1615;
401;481386;5203100;482886;5203700;68;1615;
406;489036;5209700;490536;5209100;111;1615;
453;481536;5199350;483036;5199950;68;1615;
462;481386;5203100;482886;5203700;68;1615;
490;474186;5210600;474786;5212100;21;1615;
519;483936;5197700;485436;5198300;68;1615;
521;486036;5199500;487536;5198900;111;1615;
563;481386;5203100;482886;5203700;68;1615;
584;484536;5194850;486036;5195450;68;1615;
609;479136;5205800;480636;5206400;68;1615;
668;486336;5204300;486936;5202800;158;1615;
672;481536;5203100;483036;5203700;68;1615;
835;483786;5210450;484386;5208950;158;1615;
904;476136;5205950;476736;5207450;21;1615;
946;482286;5197700;482886;5196200;158;1615;
982;476136;5205800;476736;5207300;21;1615;
985;483336;5210300;483936;5211800;21;1615;
991;481536;5215100;482136;5216600;21;1615;
998;490086;5216900;490686;5218400;21;1615;
1116;477936;5201000;478536;5202500;21;1615;
1127;476286;5205950;476886;5207450;21;1615;
1196;486336;5204300;486936;5202800;158;1615;
1249;491736;5202800;492336;5204300;21;1615;
1257;476286;5205950;476886;5207450;21;1615;
1266;474036;5210450;474636;5211950;21;1615;
1303;485286;5196500;485886;5198000;21;1615;
1307;486636;5193950;487236;5195450;21;1615;
1355;474186;5210750;474786;5212250;21;1615;
1365;488136;5216150;489636;5216750;68;1615;
1379;490986;5198450;492486;5199050;68;1615;
1388;483936;5199950;485436;5200550;68;1615;
1397;481386;5203100;482886;5203700;68;1615;
1488;477486;5213600;478986;5213000;111;1615;
1489;474636;5213750;476136;5213150;111;1615;
1560;487236;5211500;488736;5210900;111;1615;
1667;483786;5210150;484386;5208650;158;1615;
1690;476286;5205950;476886;5207450;21;1615;
5;491136;5195300;492336;5194250;131;1594;
23;473886;5198600;475086;5199650;48;1594;
84;484686;5196050;485736;5197250;41;1594;
209;482286;5214500;483336;5215700;41;1594;
238;475086;5197850;476286;5198900;48;1594;
266;479436;5206700;480486;5207900;41;1594;
370;490836;5193950;492036;5192900;131;1594;
372;491286;5195150;492336;5193950;138;1594;
386;475086;5201150;476286;5202200;48;1594;
447;481236;5197400;482436;5198450;48;1594;
467;479436;5206550;480486;5207750;41;1594;
496;490986;5216300;492036;5217500;41;1594;
524;490386;5197700;491586;5198750;48;1594;
529;481236;5197400;482436;5198450;48;1594;
605;482886;5203700;484086;5204750;48;1594;
612;488286;5203400;489336;5202200;138;1594;
615;474936;5206850;476136;5205800;131;1594;
658;487836;5198750;489036;5197700;131;1594;
718;491286;5195300;492486;5194250;131;1594;
720;480636;5195000;481686;5193800;138;1594;
746;485436;5205350;486486;5204150;138;1594;
756;481386;5212100;482586;5211050;131;1594;
766;482586;5215550;483636;5214350;138;1594;
925;486486;5212400;487536;5211200;138;1594;
928;479136;5212850;480186;5214050;41;1594;
984;478836;5210750;480036;5211800;48;1594;
1009;475836;5203850;477036;5204900;48;1594;
1027;484386;5195900;485586;5196950;48;1594;
1043;475086;5204900;476286;5205950;48;1594;
1159;482286;5214500;483336;5215700;41;1594;
1215;481086;5212550;482136;5211350;138;1594;
1243;475086;5197850;476286;5198900;48;1594;
1267;474636;5211950;475686;5213150;41;1594;
1271;480336;5214200;481536;5215250;48;1594;
1275;479436;5206700;480486;5207900;41;1594;
1298;483336;5193500;484386;5194700;41;1594;
1317;491436;5200700;492486;5201900;41;1594;
1334;475086;5204900;476286;5205950;48;1594;
1449;487836;5198750;489036;5197700;131;1594;
1465;474036;5203550;475236;5202500;131;1594;
1495;488286;5216600;489486;5215550;131;1594;
1527;475386;5203850;476436;5202650;138;1594;
1530;477036;5204450;478086;5203250;138;1594;
1591;490386;5196800;491436;5195600;138;1594;
1602;475236;5204150;476286;5202950;138;1594;
1620;473886;5214500;474936;5213300;138;1594;
1649;491286;5196650;492336;5197850;41;1594;
1654;484686;5196050;485736;5197250;41;1594;
1689;475086;5204900;476286;5205950;48;1594;
1701;482286;5216000;483336;5214800;138;1594;
1710;485436;5215700;486486;5214500;138;1594;
59;475086;5209700;475536;5211200;16;1566;
81;487086;5198600;487536;5197100;163;1566;
95;491736;5202650;492186;5204150;16;1566;
172;491736;5202650;492186;5204150;16;1566;
253;473736;5204450;475236;5204900;73;1566;
333;480786;5202950;482286;5203400;73;1566;
359;484386;5211800;484836;5213300;16;1566;
603;490386;5203250;491886;5202800;106;1566;
657;482286;5197700;482736;5196200;163;1566;
747;485286;5206550;485736;5208050;16;1566;
867;483936;5196350;484386;5197850;16;1566;
875;481386;5194850;481836;5196350;16;1566;
1109;487236;5198900;488736;5199350;73;1566;
1189;484986;5196350;486486;5195900;106;1566;
1190;482286;5197700;482736;5196200;163;1566;
1344;489036;5205050;489486;5206550;16;1566;
1699;474186;5210300;474636;5211800;16;1566;
12;476586;5197100;477936;5197850;60;1544;
16;482136;5198300;483486;5199050;60;1544;
31;481236;5209100;482586;5208350;119;1544;
64;481836;5215400;482586;5216750;29;1544;
83;482286;5198300;483636;5199050;60;1544;
111;475086;5209700;475836;5211050;29;1544;
128;477936;5214950;478686;5216300;29;1544;
136;474936;5215400;475686;5214050;150;1544;
175;480486;5203850;481836;5204600;60;1544;
184;491436;5210150;492186;5211500;29;1544;
298;491286;5196950;492636;5197700;60;1544;
339;490236;5210450;490986;5211800;29;1544;
349;475086;5209850;475836;5211200;29;1544;
363;479586;5216600;480336;5217950;29;1544;
414;488436;5212850;489786;5212100;119;1544;
424;475986;5217950;476736;5216600;150;1544;
484;475086;5203400;476436;5204150;60;1544;
525;476736;5197100;478086;5197850;60;1544;
540;487236;5205350;487986;5206700;29;1544;
592;478386;5199950;479736;5200700;60;1544;
613;487536;5204750;488286;5203400;150;1544;
740;477936;5203400;478686;5202050;150;1544;
751;490686;5212100;492036;5211350;119;1544;
788;478836;5196950;479586;5195600;150;1544;
833;481086;5206250;482436;5205500;119;1544;
850;479136;5213000;479886;5211650;150;1544;
872;485586;5196950;486336;5195600;150;1544;
908;474186;5210900;474936;5212250;29;1544;
913;481536;5215250;482286;5213900;150;1544;
966;478986;5200100;479736;5201450;29;1544;
1026;482286;5198300;483636;5199050;60;1544;
1058;475086;5209700;475836;5211050;29;1544;
1078;474936;5215550;475686;5214200;150;1544;
1088;489936;5216900;490686;5218250;29;1544;
1110;483636;5199800;484986;5200550;60;1544;
1123;480486;5203850;481836;5204600;60;1544;
1136;480336;5211800;481086;5213150;29;1544;
1138;483786;5210900;484536;5212250;29;1544;
1180;484686;5197700;486036;5198450;60;1544;
1283;484536;5205200;485286;5206550;29;1544;
1320;483936;5199950;485286;5200700;60;1544;
1350;475086;5209850;475836;5211200;29;1544;
1382;480486;5196200;481236;5197550;29;1544;
1422;476286;5209850;477636;5210600;60;1544;
17;483486;5199050;484986;5199350;78;1529;
25;490836;5204750;492336;5204450;101;1529;
174;475086;5208050;475386;5209550;11;1529;
262;475086;5208050;475386;5209550;11;1529;
299;486786;5196950;488286;5197250;78;1529;
451;487986;5199650;489486;5199350;101;1529;
622;479586;5207450;481086;5207750;78;1529;
634;487986;5214500;488286;5213000;168;1529;
691;487986;5214650;488286;5213150;168;1529;
754;477186;5213450;478686;5213150;101;1529;
760;489336;5205200;489636;5206700;11;1529;
773;478536;5215700;478836;5217200;11;1529;
778;478236;5218550;479736;5218250;101;1529;
783;483486;5192000;484986;5192300;78;1529;
796;490386;5196800;490686;5198300;11;1529;
853;490236;5218400;491736;5218700;78;1529;
1060;486786;5205950;487086;5207450;11;1529;
1191;478236;5200400;479736;5200700;78;1529;
1208;488286;5207450;488586;5208950;11;1529;
1218;487836;5214800;488136;5213300;168;1529;
1269;475086;5208050;475386;5209550;11;1529;
1386;487986;5199650;489486;5199350;101;1529;
1473;491136;5199050;492636;5198750;101;1529;
1541;476586;5213150;476886;5211650;168;1529;
90;477786;5197550;477936;5199050;5;1507;
139;487086;5216150;487236;5217650;5;1507;
145;473886;5192300;475386;5192450;84;1507;
171;474036;5201900;474186;5203400;5;1507;
287;478686;5216450;478836;5217950;5;1507;
402;479886;5203250;481386;5203100;95;1507;
523;488886;5197850;490386;5197700;95;1507;
538;490686;5204750;492186;5204600;95;1507;
608;490986;5205950;492486;5205800;95;1507;
636;487836;5214950;489336;5215100;84;1507;
641;480186;5218250;481686;5218100;95;1507;
712;487986;5193350;488136;5194850;5;1507;
716;481686;5196350;481836;5194850;174;1507;
724;482586;5199650;484086;5199800;84;1507;
749;488136;5208650;488286;5210150;5;1507;
971;484236;5209400;484386;5207900;174;1507;
993;483186;5215700;483336;5217200;5;1507;
1045;477786;5197550;477936;5199050;5;1507;
1071;482286;5214350;482436;5212850;174;1507;
1150;477936;5197850;478086;5199350;5;1507;
1274;473736;5217200;475236;5217050;95;1507;
1389;482436;5199800;483936;5199950;84;1507;
1446;476886;5193800;477036;5195300;5;1507;
1448;481686;5196350;481836;5194850;174;1507;
1464;479586;5206400;481086;5206250;95;1507;
1570;476886;5194100;477036;5195600;5;1507;
1613;475086;5208200;475236;5209700;5;1507;
1693;482286;5214050;482436;5212550;174;1507;
1703;483936;5214500;484086;5213000;174;1507;
18;480486;5199500;481986;5199500;90;1500;
20;491586;5199500;492486;5200700;36;1500;
32;479736;5209100;481236;5209100;90;1500;
35;490386;5209100;491886;5209100;90;1500;
50;483786;5206400;484686;5207600;36;1500;
67;477486;5215100;478686;5216000;53;1500;
87;474486;5200550;475686;5201450;53;1500;
100;492336;5209250;492336;5210750;0;1500;
140;487836;5215850;489036;5216750;53;1500;
161;481386;5199050;482586;5199950;53;1500;
179;478686;5208050;479586;5209250;36;1500;
217;476586;5216450;476586;5217950;0;1500;
251;487086;5207450;487986;5208650;36;1500;
326;490386;5207600;491886;5207600;90;1500;
345;476586;5213600;478086;5213600;90;1500;
352;486186;5216300;487386;5217200;53;1500;
369;474036;5193050;474036;5194550;0;1500;
373;481836;5194100;483036;5195000;53;1500;
393;490986;5205950;492486;5205950;90;1500;
416;485286;5213600;486486;5212700;126;1500;
547;479436;5206850;480636;5207750;53;1500;
589;485736;5194250;486936;5193350;126;1500;
598;475086;5201300;476286;5202200;53;1500;
600;491436;5200700;492336;5201900;36;1500;
616;490386;5207600;491886;5207600;90;1500;
624;479886;5209100;481386;5209100;90;1500;
649;475836;5194250;477036;5193350;126;1500;
692;486186;5216450;487386;5215550;126;1500;
719;490836;5197550;492336;5197550;90;1500;
737;479286;5204450;479286;5205950;0;1500;
769;481536;5214650;481536;5216150;0;1500;
787;477036;5193800;477036;5195300;0;1500;
800;480336;5200850;481236;5199650;143;1500;
817;492336;5205950;492336;5207450;0;1500;
819;491436;5208800;491436;5210300;0;1500;
829;473886;5214800;474786;5213600;143;1500;
849;478386;5211650;479886;5211650;90;1500;
986;482436;5211200;483336;5212400;36;1500;
1034;490836;5198450;490836;5199950;0;1500;
1052;481986;5208050;481986;5209550;0;1500;
1055;491436;5208950;491436;5210450;0;1500;
1068;486336;5212700;487236;5211500;143;1500;
1087;487836;5215850;489036;5216750;53;1500;
1175;474036;5193050;474036;5194550;0;1500;
1179;478386;5197850;479886;5197850;90;1500;
1200;480036;5203100;481536;5203100;90;1500;
1217;490836;5212250;492036;5211350;126;1500;
1255;475686;5203700;476886;5204600;53;1500;
1264;478986;5210750;480186;5211650;53;1500;
1318;487836;5202350;488736;5201150;143;1500;
1319;487086;5200400;488286;5199500;126;1500;
1332;476586;5204300;477486;5205500;36;1500;
1353;490836;5216000;491736;5217200;36;1500;
1390;480486;5199500;481986;5199500;90;1500;
1394;491286;5200550;492186;5201750;36;1500;
1443;490686;5194250;491586;5193050;143;1500;
1462;484536;5204300;485736;5203400;126;1500;
1471;475086;5207000;475086;5208500;0;1500;
1472;477036;5209550;478536;5209550;90;1500;
1500;478686;5216000;478686;5217500;0;1500;
1509;475536;5194250;475536;5195750;0;1500;
1537;491436;5208800;491436;5210300;0;1500;
1547;483786;5210300;483786;5211800;0;1500;
1561;486336;5212700;487236;5211500;143;1500;
1567;476736;5214650;476736;5216150;0;1500;
1597;491136;5205050;492036;5203850;143;1500;
1605;479286;5206400;480186;5207600;36;1500;
1616;491586;5212250;492486;5213450;36;1500;
1631;488136;5213450;489336;5212550;126;1500;
1633;483336;5215700;483336;5217200;0;1500;
1669;477936;5196200;479136;5197100;53;1500;
